health,power,bearing,x,y,z,r1,r2,r3,r4,r5,r6,r7,r8,r9,r10,r11,r12
1000,1000,220.19830322265625,994.0,30.0,-330.0,-0.76381516456604,0.0,0.6454349160194397,0.0,0.0,1.0,0.0,0.0,-0.6454349160194397,0.0,-0.76381516456604,0.0
1000,1000,225.06179809570312,994.0,29.975475311279297,-330.0,-0.7063435316085815,-1.8247295230366944e-08,0.7078690528869629,0.0,-1.995260845433222e-08,1.0,5.868172614498235e-09,0.0,-0.7078690528869629,-9.978887938189018e-09,-0.7063435316085815,0.0
1000,1000,224.4281005859375,994.0,29.92667007446289,-330.0,-0.7141296863555908,-2.4000197385021238e-08,0.7000138759613037,0.0,-2.3311642394219234e-08,1.0,1.0503608649514717e-08,0.0,-0.7000138759613037,-8.817533370120145e-09,-0.7141296863555908,0.0
1000,1000,223.23245239257812,994.0,29.85382843017578,-330.0,-0.7285807132720947,-3.4355448264022925e-08,0.6849600672721863,0.0,-3.2243956837874066e-08,1.0,1.5859502155990413e-08,0.0,-0.6849600672721863,-1.0530896155103164e-08,-0.7285807132720947,0.0
1000,1000,222.174072265625,994.0,29.757190704345703,-330.0,-0.7411086559295654,-4.555841925935056e-08,0.6713852286338806,0.0,-4.2395601695943697e-08,1.0,2.1058964350118003e-08,0.0,-0.6713852286338806,-1.2856800069016572e-08,-0.7411086559295654,0.0
1000,1000,221.1461181640625,994.0,29.636993408203125,-330.0,-0.7530339956283569,-5.688558246674802e-08,0.6579813957214355,0.0,-5.2660219296285504e-08,1.0,2.618712180435523e-08,0.0,-0.6579813957214355,-1.4929648628481118e-08,-0.7530339956283569,0.0
1000,1000,220.12161254882812,994.0,29.493473052978516,-330.0,-0.7646784782409668,-6.833120380633773e-08,0.6444121599197388,0.0,-6.30301997261995e-08,1.0,3.1243008180581455e-08,0.0,-0.6444121599197388,-1.6726570351011105e-08,-0.7646784782409668,0.0
1000,1000,219.10206604003906,994.0,29.326862335205078,-330.0,-0.7760237455368042,-7.979358684906401e-08,0.630703866481781,0.0,-7.348129571482787e-08,1.0,3.6103102729612147e-08,0.0,-0.630703866481781,-1.832807861035235e-08,-0.7760237455368042,0.0
1000,1000,218.08831787109375,994.0,29.137393951416016,-330.0,-0.7870610952377319,-9.871664019556192e-08,0.6168755292892456,0.0,-9.085293584121246e-08,1.0,4.410916787378483e-08,0.0,-0.6168755292892456,-2.132835064116989e-08,-0.7870610952377319,0.0
1000,1000,217.08035278320312,994.0,28.925294876098633,-330.0,-0.7977907657623291,-1.1784594988739627e-07,0.6029345393180847,0.0,-1.0836703978611695e-07,1.0,5.206491238141098e-08,0.0,-0.6029345393180847,-2.3801325355066183e-08,-0.7977907657623291,0.0
1000,1000,216.0780792236328,994.0,28.690792083740234,-330.0,-0.8082153797149658,-1.367832282994641e-07,0.5888872742652893,0.0,-1.256535711036122e-07,1.0,5.982148110206253e-08,0.0,-0.5888872742652893,-2.564714662867118e-08,-0.8082153797149658,0.0
1000,1000,215.08148193359375,994.0,28.43410873413086,-330.0,-0.8183355331420898,-1.5572133804653276e-07,0.5747408270835876,0.0,-1.427384717089808e-07,1.0,6.770597593686034e-08,0.0,-0.5747408270835876,-2.663142062431234e-08,-0.8183355331420898,0.0
1000,1000,214.09054565429688,994.0,28.155467987060547,-330.0,-0.8281528949737549,-1.5869463254603033e-07,0.5605024099349976,0.0,-1.4465524600382196e-07,1.0,6.93984389954494e-08,0.0,-0.5605024099349976,-2.3607089616461963e-08,-0.8281528949737549,0.0
1000,1000,213.10520935058594,994.0,27.85508918762207,-330.0,-0.8376692533493042,-1.693057214424698e-07,0.5461782217025757,0.0,-1.5388987151254696e-07,1.0,7.396292289740813e-08,0.0,-0.5461782217025757,-2.2094832630159544e-08,-0.8376692533493042,0.0
1000,1000,212.12547302246094,994.0,27.533187866210938,-330.0,-0.8468855619430542,-1.8755794428670924e-07,0.5317751169204712,0.0,-1.7052725809207914e-07,1.0,8.112611737942643e-08,0.0,-0.5317751169204712,-2.1977609065970682e-08,-0.8468855619430542,0.0
1000,1000,211.15127563476562,994.0,27.18998146057129,-330.0,-0.8558046817779541,-1.9829694508644025e-07,0.5172993540763855,0.0,-1.7999128942847165e-07,1.0,8.555892350159411e-08,0.0,-0.5172993540763855,-1.9887668400997427e-08,-0.8558046817779541,0.0
1000,1000,210.1825714111328,994.0,26.825681686401367,-330.0,-0.864427924156189,-2.0873632422535593e-07,0.5027570724487305,0.0,-1.8927632083887147e-07,1.0,8.974635079539439e-08,0.0,-0.5027570724487305,-1.7580767064373504e-08,-0.864427924156189,0.0
1000,1000,209.21939086914062,994.0,26.440500259399414,-330.0,-0.8727571964263916,3.433171400502033e-07,0.4881550967693329,0.0,3.8243740618781885e-07,1.0,-1.9547542251530103e-08,0.0,-0.4881550967693329,1.696285067964709e-07,-0.8727571964263916,0.0
1000,1000,208.2616729736328,994.0,26.034645080566406,-330.0,-0.8807945251464844,-2.1401102401341632e-07,0.47349923849105835,0.0,-1.9582607535539864e-07,1.0,8.770560100401781e-08,0.0,-0.47349923849105835,-1.5472895853463342e-08,-0.8807945251464844,0.0
1000,1000,207.30938720703125,994.0,25.60832405090332,-330.0,-0.8885419368743896,-2.886628465148533e-07,0.45879513025283813,0.0,-3.0262069117270585e-07,1.0,4.309472956265381e-08,0.0,-0.45879513025283813,-1.0054942833903624e-07,-0.8885419368743896,0.0
1000,1000,206.36244201660156,994.0,25.161741256713867,-330.0,-0.8960031270980835,-2.9758783171018877e-07,0.44404807686805725,0.0,-3.084131492414599e-07,1.0,4.785232476933743e-08,0.0,-0.44404807686805725,-9.407443712916574e-08,-0.8960031270980835,0.0
1000,1000,205.4208984375,994.0,24.695098876953125,-330.0,-0.9031790494918823,-2.6141435682802694e-07,0.4292648434638977,0.0,-2.381436416953875e-07,1.0,1.0792425086947333e-07,0.0,-0.4292648434638977,-4.751786519818779e-09,-0.9031790494918823,0.0
1000,1000,204.48468017578125,994.0,24.20859718322754,-330.0,-0.9100720882415771,-2.759117592177063e-07,0.4144500494003296,0.0,-2.526979301364918e-07,1.0,1.1084187434562409e-07,0.0,-0.4144500494003296,-3.85657017432095e-09,-0.9100720882415771,0.0
1000,1000,203.55377197265625,994.0,23.702436447143555,-330.0,-0.9166855812072754,-2.8521489525701327e-07,0.3996094763278961,0.0,-2.611720049117139e-07,1.0,1.146176416000344e-07,0.0,-0.3996094763278961,7.015188430159469e-10,-0.9166855812072754,0.0
1000,1000,202.62814331054688,994.0,23.17681121826172,-330.0,-0.9230217933654785,-2.9542664492510085e-07,0.38474878668785095,0.0,-2.7077530262431537e-07,1.0,1.1824668888493761e-07,0.0,-0.38474878668785095,4.9637698396054475e-09,-0.9230217933654785,0.0
1000,1000,201.7077178955078,994.0,22.63191795349121,-330.0,-0.929082989692688,-1.7941372831842273e-09,0.36987200379371643,0.0,2.964855383424947e-08,1.0,7.932501233653966e-08,0.0,-0.36987200379371643,8.46656647013333e-08,-0.929082989692688,0.0
1000,1000,200.79257202148438,994.0,22.067949295043945,-330.0,-0.9348719120025635,-2.951408362150687e-07,0.354985773563385,0.0,-2.6743074954538315e-07,1.0,1.271244940426186e-07,0.0,-0.354985773563385,2.391098519183288e-08,-0.9348719120025635,0.0
1000,1000,199.88253784179688,994.0,21.48509407043457,-330.0,-0.940392017364502,-6.24459289610968e-07,0.3400932252407074,0.0,-6.021078888807097e-07,1.0,1.7125313434007694e-07,0.0,-0.3400932252407074,-4.372773787508777e-08,-0.940392017364502,0.0
1000,1000,198.97772216796875,994.0,20.883543014526367,-330.0,-0.9456452131271362,-3.2894982382458693e-07,0.32520049810409546,0.0,-2.986613196753751e-07,1.0,1.4305703643913148e-07,0.0,-0.32520049810409546,3.815638294213386e-08,-0.9456452131271362,0.0
1000,1000,198.07798767089844,994.0,20.26348304748535,-330.0,-0.9506348371505737,-6.419062401619158e-07,0.31031113862991333,0.0,-6.160846623970428e-07,1.0,1.81219959927148e-07,0.0,-0.31031113862991333,-1.890389000891446e-08,-0.9506348371505737,0.0
1000,1000,197.18338012695312,994.0,19.625097274780273,-330.0,-0.9553643465042114,-6.572357733602985e-07,0.2954309284687042,0.0,-6.293452088357299e-07,1.0,1.8949236846310669e-07,0.0,-0.2954309284687042,-4.893799143701472e-09,-0.9553643465042114,0.0
1000,1000,196.2938232421875,994.0,18.968570709228516,-330.0,-0.9598356485366821,-3.5118736718686705e-07,0.28056347370147705,0.0,-3.1834210290071496e-07,1.0,1.626417969191607e-07,0.0,-0.28056347370147705,6.679421460376034e-08,-0.9598356485366821,0.0
1000,1000,195.4093017578125,994.0,18.294084548950195,-330.0,-0.9640523195266724,-6.574153417204798e-07,0.2657126486301422,0.0,-6.285262657002022e-07,1.0,1.937550848651881e-07,0.0,-0.2657126486301422,1.9782667948220478e-08,-0.9640523195266724,0.0
1000,1000,194.52981567382812,994.0,17.601818084716797,-330.0,-0.9680172204971313,-6.807974841649411e-07,0.2508838474750519,0.0,-6.520492661366006e-07,1.0,1.977113441853362e-07,0.0,-0.2508838474750519,2.779935925900645e-08,-0.9680172204971313,0.0
1000,1000,193.65530395507812,994.0,16.891948699951172,-330.0,-0.971733570098877,-6.941749575162248e-07,0.23608045279979706,0.0,-6.659420819232764e-07,1.0,1.9932502937081154e-07,0.0,-0.23608045279979706,3.647489421609862e-08,-0.971733570098877,0.0
1000,1000,192.78573608398438,994.0,16.164653778076172,-330.0,-0.975204348564148,-6.994374643909396e-07,0.22130584716796875,0.0,-6.722432317474158e-07,1.0,1.98200154954975e-07,0.0,-0.22130584716796875,4.45143086835742e-08,-0.975204348564148,0.0
1000,1000,191.92111206054688,994.0,15.420106887817383,-330.0,-0.97843337059021,-7.062168947413738e-07,0.20656469464302063,0.0,-6.795375497858913e-07,1.0,2.001064842716005e-07,0.0,-0.20656469464302063,5.542235470556989e-08,-0.97843337059021,0.0
1000,1000,191.06134033203125,994.0,14.658480644226074,-330.0,-0.9814224243164062,-7.112498678907286e-07,0.19185993075370789,0.0,-6.853410923213232e-07,1.0,2.0140149104008742e-07,0.0,-0.19185993075370789,6.617042913603655e-08,-0.9814224243164062,0.0
1000,1000,190.20651245117188,994.0,13.879945755004883,-330.0,-0.9841756820678711,-7.215312507469207e-07,0.17719684541225433,0.0,-6.962346787986462e-07,1.0,2.0493692431955424e-07,0.0,-0.17719684541225433,7.83233176093745e-08,-0.9841756820678711,0.0
1000,1000,189.35650634765625,994.0,13.084671020507812,-330.0,-0.9866960048675537,-7.300195079551486e-07,0.16257677972316742,0.0,-7.054708817122446e-07,1.0,2.0872748507372307e-07,0.0,-0.16257677972316742,9.12573767664071e-08,-0.9866960048675537,0.0
1000,1000,188.51129150390625,994.0,12.272823333740234,-330.0,-0.9889869689941406,-7.559002028756368e-07,0.14800451695919037,0.0,-7.41376027235674e-07,1.0,1.5330066105434526e-07,0.0,-0.14800451695919037,4.188532543025758e-08,-0.9889869689941406,0.0
1000,1000,187.67086791992188,994.0,11.44456958770752,-330.0,-0.991051197052002,-7.435111228915048e-07,0.13348212838172913,0.0,-7.217056463559857e-07,1.0,2.1174250264266448e-07,0.0,-0.13348212838172913,1.1351284712191045e-07,-0.991051197052002,0.0
1000,1000,186.835205078125,994.0,10.60007381439209,-330.0,-0.9928926229476929,-7.322493047468015e-07,0.11901404708623886,0.0,-7.043981895549223e-07,1.0,2.7608160735326237e-07,0.0,-0.11901404708623886,1.9028610154236958e-07,-0.9928926229476929,0.0
1000,1000,186.00430297851562,994.0,9.739498138427734,-330.0,-0.9945144653320312,-7.396813543891767e-07,0.10460299253463745,0.0,-7.141024980228394e-07,1.0,2.819839721723838e-07,0.0,-0.10460299253463745,2.057397807675443e-07,-0.9945144653320312,0.0
1000,1000,185.17807006835938,994.0,8.86300277709961,-330.0,-0.995918869972229,-4.085984528501285e-07,0.0902513861656189,0.0,-3.85411169645522e-07,1.0,2.7434640514911734e-07,0.0,-0.0902513861656189,2.384429080848349e-07,-0.995918869972229,0.0
1000,1000,184.78445434570312,993.9996337890625,8.578380584716797,-329.9996643066406,-0.9965156316757202,5.943397627561353e-05,0.08340740203857422,0.0,5.6733213568804786e-05,1.0,-3.4750519262161106e-05,0.0,-0.08340740203857422,-2.9897462809458375e-05,-0.9965156316757202,0.0
1000,1000,184.707763671875,993.9984130859375,8.723735809326172,-329.9986267089844,-0.9966263771057129,0.0001512555027147755,0.0820734053850174,0.0,0.0001439518091501668,1.0,-9.490722004557028e-05,0.0,-0.08207342028617859,-8.277242159238085e-05,-0.9966263771057129,0.0
1000,1000,184.7493896484375,993.99658203125,9.02200984954834,-329.99700927734375,-0.9965662956237793,0.00014990707859396935,0.08279753476381302,0.0,0.0001413326826877892,1.0,-0.00010941953223664314,0.0,-0.08279754966497421,-9.734182094689459e-05,-0.9965662956237793,0.0
1000,1000,184.7882080078125,993.9947509765625,9.293240547180176,-329.99542236328125,-0.99651038646698,0.0001531395100755617,0.08347271382808685,0.0,0.00014316172746475786,1.0,-0.00012551882537081838,0.0,-0.08347272872924805,-0.00011313067807350308,-0.99651038646698,0.0
1000,1000,184.8227081298828,993.992919921875,9.536836624145508,-329.9938659667969,-0.9964596033096313,0.0001403945207130164,0.0840727835893631,0.0,0.0001294458343181759,1.0,-0.00013567981659434736,0.0,-0.08407279849052429,-0.00012431657523848116,-0.9964596033096313,0.0
1000,1000,184.85684204101562,993.9911499023438,9.753230094909668,-329.9923095703125,-0.9964096546173096,0.00012659837375395,0.084666408598423,0.0,0.00011469154560472816,1.0,-0.00014549618936143816,0.0,-0.0846664234995842,-0.00013526325346902013,-0.9964096546173096,0.0
1000,1000,184.89089965820312,993.9893798828125,9.942789077758789,-329.99078369140625,-0.9963588714599609,0.00011379099305486307,0.0852586030960083,0.0,0.00010092279262607917,1.0,-0.00015524151967838407,0.0,-0.0852586179971695,-0.00014607171760872006,-0.9963588714599609,0.0
1000,1000,184.92477416992188,993.9876098632812,10.105840682983398,-329.9892578125,-0.9963083267211914,0.00010119483340531588,0.08584776520729065,0.0,8.734011498745531e-05,1.0,-0.00016514300659764558,0.0,-0.08584778010845184,-0.00015703537792433053,-0.9963083267211914,0.0
1000,1000,184.95846557617188,993.98583984375,10.242685317993164,-329.9877624511719,-0.9962579011917114,8.810737926978618e-05,0.08643369376659393,0.0,7.326039485633373e-05,1.0,-0.00017494516214355826,0.0,-0.08643370866775513,-0.00016795829287730157,-0.9962579011917114,0.0
1000,1000,184.99197387695312,993.984130859375,10.353605270385742,-329.98626708984375,-0.9962068796157837,7.478181214537472e-05,0.0870160311460495,0.0,5.892396075068973e-05,1.0,-0.00018480911967344582,0.0,-0.0870160460472107,-0.00017898078658618033,-0.9962068796157837,0.0
1000,1000,185.0252685546875,993.982421875,10.438872337341309,-329.98480224609375,-0.9961564540863037,6.224500248208642e-05,0.08759507536888123,0.0,4.5379238144960254e-05,1.0,-0.0001945337135111913,0.0,-0.08759509027004242,-0.00018981094763148576,-0.9961564540863037,0.0
1000,1000,185.0583953857422,993.980712890625,10.498750686645508,-329.98333740234375,-0.9961056709289551,4.8839556257007644e-05,0.08817098289728165,0.0,3.0957828130340204e-05,1.0,-0.0002041748521151021,0.0,-0.08817099779844284,-0.0002006500872084871,-0.9961056709289551,0.0
1000,1000,185.09130859375,993.9790649414062,10.53349781036377,-329.9819030761719,-0.9960544109344482,3.648751226137392e-05,0.08874332159757614,0.0,1.7579128325451165e-05,1.0,-0.0002138497948180884,0.0,-0.08874332159757614,-0.0002114460221491754,-0.9960544109344482,0.0
1000,1000,185.12405395507812,993.9774169921875,10.543368339538574,-329.98046875,-0.9960037469863892,2.425577440590132e-05,0.08931256085634232,0.0,4.313682438805699e-06,1.0,-0.00022347731282934546,0.0,-0.08931256085634232,-0.0002221989561803639,-0.9960037469863892,0.0
1000,1000,185.1566162109375,993.9757690429688,10.528613090515137,-329.97906494140625,-0.9959529638290405,1.3129809303791262e-05,0.08987868577241898,0.0,-7.84579424362164e-06,1.0,-0.00023302357294596732,0.0,-0.08987868577241898,-0.00023278562002815306,-0.9959529638290405,0.0
1000,1000,185.18899536132812,993.97412109375,10.489479064941406,-329.9776611328125,-0.9959018230438232,4.3428281060187146e-07,0.09044145792722702,0.0,-2.1598789317067713e-05,1.0,-0.00024263824161607772,0.0,-0.09044145792722702,-0.000243597271037288,-0.9959018230438232,0.0
1000,1000,185.22119140625,993.9725341796875,10.426210403442383,-329.9762878417969,-0.9958510994911194,-1.2200293895148207e-05,0.09100092202425003,0.0,-3.528136221575551e-05,0.9999999403953552,-0.00025202688993886113,0.0,-0.09100092202425003,-0.0002541918074712157,-0.9958510398864746,0.0
1000,1000,185.25318908691406,993.970947265625,10.339049339294434,-329.97491455078125,-0.9957999587059021,-2.376212432864122e-05,0.09155707061290741,0.0,-4.7900841309456155e-05,0.9999999403953552,-0.00026144925504922867,0.0,-0.09155705571174622,-0.0002647367655299604,-0.9957998991012573,0.0
1000,1000,185.28500366210938,993.9693603515625,10.22823429107666,-329.9735412597656,-0.9957491755485535,-3.51872258761432e-05,0.09211001545190811,0.0,-6.0378453781595454e-05,0.9999999403953552,-0.00027070409851148725,0.0,-0.09211000055074692,-0.0002751147258095443,-0.9957491159439087,0.0
1000,1000,185.316650390625,993.9677734375,10.094001770019531,-329.9721984863281,-0.9956981539726257,-4.68570324301254e-05,0.09266001731157303,0.0,-7.310626824619249e-05,0.9999999403953552,-0.000279891217360273,0.0,-0.09266000241041183,-0.0002854611084330827,-0.995698094367981,0.0
1000,1000,185.3480987548828,993.9662475585938,9.936586380004883,-329.9708557128906,-0.9956467747688293,-5.91337593505159e-05,0.09320636838674545,0.0,-8.645238995086402e-05,0.9999999403953552,-0.0002890605537686497,0.0,-0.09320635348558426,-0.0002958601398859173,-0.9956467151641846,0.0
1000,1000,185.37936401367188,993.9647216796875,9.756220817565918,-329.96954345703125,-0.9955962300300598,-7.001546327956021e-05,0.09374964237213135,0.0,-9.84071521088481e-05,0.9999999403953552,-0.00029822293436154723,0.0,-0.09374961256980896,-0.00030613515991717577,-0.995596170425415,0.0
1000,1000,185.41046142578125,993.9631958007812,9.553133964538574,-329.9682312011719,-0.9955448508262634,-8.14503146102652e-05,0.09429007023572922,0.0,-0.00011092654312960804,0.9999999403953552,-0.00030737093766219914,0.0,-0.09429004043340683,-0.00031646082061342895,-0.9955447912216187,0.0
1000,1000,185.44140625,993.961669921875,9.327552795410156,-329.9669494628906,-0.9954938292503357,-9.313357440987602e-05,0.09482778608798981,0.0,-0.00012368896568659693,0.9999999403953552,-0.0003163421351928264,0.0,-0.09482775628566742,-0.0003266457642894238,-0.9954937696456909,0.0
1000,1000,185.47215270996094,993.960205078125,9.079702377319336,-329.9656677246094,-0.9954429268836975,-0.00010475919407326728,0.09536199271678925,0.0,-0.00013640336692333221,0.9999999403953552,-0.0003253136237617582,0.0,-0.09536194801330566,-0.00033683874062262475,-0.9954428672790527,0.0
1000,1000,185.48641967773438,993.9591064453125,9.026084899902344,-329.9644775390625,-0.9954187870025635,-7.62947165640071e-05,0.09560983628034592,0.0,-8.606749179307371e-05,1.0,-9.8091310064774e-05,0.0,-0.09560982137918472,-0.00010587083670543507,-0.9954187870025635,0.0
1000,1000,185.48867797851562,993.95849609375,9.094587326049805,-329.9634704589844,-0.995415449142456,-8.258641173597425e-05,0.09564908593893051,0.0,-7.770612137392163e-05,1.0,5.4747684771427885e-05,0.0,-0.09564908593893051,4.706415711552836e-05,-0.995415449142456,0.0
1000,1000,185.486328125,993.958251953125,9.193735122680664,-329.96270751953125,-0.9954190254211426,-7.73103311075829e-05,0.09560802578926086,0.0,-6.894491525599733e-05,1.0,9.080037125386298e-05,0.0,-0.09560802578926086,8.379273640457541e-05,-0.9954190254211426,0.0
1000,1000,185.48402404785156,993.9580078125,9.267498970031738,-329.96197509765625,-0.9954228401184082,-7.683582953177392e-05,0.09556823968887329,0.0,-6.47760316496715e-05,1.0,0.00012929273361805826,0.0,-0.09556825459003448,0.0001225104060722515,-0.9954228401184082,0.0
1000,1000,185.48190307617188,993.957763671875,9.315869331359863,-329.96124267578125,-0.9954264163970947,-6.86110433889553e-05,0.09553154557943344,0.0,-5.301991768646985e-05,1.0,0.00016574226901866496,0.0,-0.09553156048059464,0.00015991914551705122,-0.9954264163970947,0.0
1000,1000,185.47979736328125,993.95751953125,9.339150428771973,-329.96051025390625,-0.9954299926757812,-6.071722964406945e-05,0.09549488127231598,0.0,-4.1619630792411044e-05,1.0,0.00020197736739646643,0.0,-0.09549489617347717,0.00019707986211869866,-0.9954299926757812,0.0
1000,1000,185.47772216796875,993.957275390625,9.337625503540039,-329.9598083496094,-0.9954335689544678,-5.2980249165557325e-05,0.09545862674713135,0.0,-3.0375076676136814e-05,1.0,0.0002382590901106596,0.0,-0.09545864164829254,0.00023427148698829114,-0.9954335689544678,0.0
1000,1000,185.47561645507812,993.95703125,9.311562538146973,-329.9591064453125,-0.9954372048377991,-4.568724398268387e-05,0.09542226046323776,0.0,-1.9585613699746318e-05,0.9999999403953552,0.0002744747616816312,0.0,-0.09542227536439896,0.0002713533758651465,-0.9954371452331543,0.0
1000,1000,185.4735107421875,993.956787109375,9.261218070983887,-329.9584045410156,-0.9954407811164856,-3.812615977949463e-05,0.09538554400205612,0.0,-8.528167199983727e-06,0.9999999403953552,0.00031070620752871037,0.0,-0.09538554400205612,0.0003084760392084718,-0.9954407215118408,0.0
1000,1000,185.47259521484375,993.9566040039062,9.227117538452148,-329.9580078125,-0.9954419136047363,-2.642820072651375e-05,0.09536948800086975,0.0,-9.942612450686283e-06,1.0,0.0001733353710733354,0.0,-0.09536948800086975,0.00017159708659164608,-0.9954419136047363,0.0
1000,1000,185.47215270996094,993.9564819335938,9.216458320617676,-329.95794677734375,-0.9954426288604736,-1.2417048310453538e-05,0.09536200016736984,0.0,-8.175212315109093e-06,1.0,4.487209298531525e-05,0.0,-0.09536200016736984,4.388799061416648e-05,-0.9954426288604736,0.0
1000,1000,185.47177124023438,993.9564208984375,9.222349166870117,-329.9580383300781,-0.9954433441162109,-4.698550583270844e-06,0.09535549581050873,0.0,-5.375687578634825e-06,1.0,-6.844302788522327e-06,0.0,-0.09535549581050873,-7.325716524064774e-06,-0.9954433441162109,0.0
1000,1000,185.47137451171875,993.9563598632812,9.233907699584961,-329.9581604003906,-0.9954440593719482,-2.3527529720013263e-06,0.09534845501184464,0.0,-3.595551561375032e-06,1.0,-1.2862474250141531e-05,0.0,-0.09534845501184464,-1.3146702258381993e-05,-0.9954440593719482,0.0
1000,1000,185.47108459472656,993.956298828125,9.243156433105469,-329.958251953125,-0.9954445362091064,-2.9078519219183363e-06,0.09534338861703873,0.0,-3.5765192478720564e-06,1.0,-6.842366019554902e-06,0.0,-0.09534338861703873,-7.152192665671464e-06,-0.9954445362091064,0.0
1000,1000,185.47097778320312,993.956298828125,9.247145652770996,-329.95831298828125,-0.9954447746276855,-5.0699018174782395e-06,0.09534159302711487,0.0,-5.3786598073202185e-06,1.0,-2.981450961669907e-06,0.0,-0.09534159302711487,-3.4806794246833306e-06,-0.9954447746276855,0.0
1000,1000,185.470947265625,993.956298828125,9.246749877929688,-329.9583435058594,-0.9954447746276855,-3.897226633853279e-06,0.09534101188182831,0.0,-4.1340636016684584e-06,1.0,-2.286582230226486e-06,0.0,-0.09534101188182831,-2.670311687325011e-06,-0.9954447746276855,0.0
1000,1000,185.47097778320312,993.956298828125,9.24435806274414,-329.9583740234375,-0.9954447746276855,-2.879535713873338e-06,0.09534145146608353,0.0,-3.074273990932852e-06,1.0,-1.8956479834741913e-06,0.0,-0.09534145146608353,-2.180118372052675e-06,-0.9954447746276855,0.0
1000,1000,185.470947265625,993.956298828125,9.242050170898438,-329.9583740234375,-0.9954447746276855,-2.434360794723034e-06,0.09534112364053726,0.0,-2.604345354484394e-06,1.0,-1.6584764352955972e-06,0.0,-0.09534112364053726,-1.899222638712672e-06,-0.9954447746276855,0.0
1000,1000,185.4709014892578,993.9563598632812,9.240818977355957,-329.9583740234375,-0.9954447746276855,-1.8910382095782552e-06,0.09534025192260742,0.0,-1.997268554987386e-06,1.0,-1.0187950465478934e-06,0.0,-0.09534025192260742,-1.2045743460475933e-06,-0.9954447746276855,0.0
1000,1000,185.4708251953125,993.9563598632812,9.240675926208496,-329.9583740234375,-0.9954450130462646,7.79597655764519e-07,0.09533900767564774,0.0,7.261367613864422e-07,1.0,-5.954389052931219e-07,0.0,-0.09533900767564774,-5.234974196355324e-07,-0.9954450130462646,0.0
1000,1000,185.470947265625,993.9563598632812,9.241137504577637,-329.9583740234375,-0.9954447746276855,1.5746716144349193e-06,0.09534095227718353,0.0,1.5399791664094664e-06,1.0,-4.374564070985798e-07,0.0,-0.09534095227718353,-2.8864056389465986e-07,-0.9954447746276855,0.0
1000,1000,185.470947265625,993.9563598632812,9.241697311401367,-329.9583740234375,-0.9954447746276855,1.0347606576033286e-06,0.09534081071615219,0.0,1.0077336582980934e-06,1.0,-3.316272341180593e-07,0.0,-0.09534081071615219,-2.3403843840696936e-07,-0.9954447746276855,0.0
1000,1000,185.47093200683594,993.9563598632812,9.242053985595703,-329.9583740234375,-0.9954447746276855,9.188949547933589e-07,0.09534076601266861,0.0,9.114029921875044e-07,1.0,-1.221267496021028e-07,0.0,-0.09534076601266861,-3.4676567395308666e-08,-0.9954447746276855,0.0
1000,1000,185.470947265625,993.9563598632812,9.242151260375977,-329.9583740234375,-0.9954447746276855,8.563209803469363e-07,0.09534081071615219,0.0,8.607992185716284e-07,1.0,5.84244830292846e-09,0.0,-0.09534081071615219,8.788512673163495e-08,-0.9954447746276855,0.0
1000,1000,185.470947265625,993.9563598632812,9.242074966430664,-329.9583740234375,-0.9954447746276855,7.238099328787939e-07,0.09534092247486115,0.0,7.315607604141405e-07,1.0,4.634292238847593e-08,0.0,-0.09534092247486115,1.1587950154989812e-07,-0.9954447746276855,0.0
1000,1000,185.470947265625,993.9563598632812,9.24194622039795,-329.9583740234375,-0.9954447746276855,5.568571737057937e-07,0.09534106403589249,0.0,5.62784691737761e-07,1.0,3.528186454104798e-08,0.0,-0.09534106403589249,8.877763235659586e-08,-0.9954447746276855,0.0
1000,1000,185.470947265625,993.9563598632812,9.24184799194336,-329.9583740234375,-0.9954447746276855,4.0655984889781394e-07,0.09534119814634323,0.0,4.100821513475239e-07,1.0,1.7350865633147805e-08,0.0,-0.09534119814634323,5.6369550804902246e-08,-0.9954447746276855,0.0
1000,1000,185.47096252441406,993.9563598632812,9.241809844970703,-329.9583740234375,-0.9954447746276855,2.9502348297683056e-07,0.09534131735563278,0.0,2.9651943123099045e-07,1.0,1.522614923032961e-09,0.0,-0.09534131735563278,2.9786228594730346e-08,-0.9954447746276855,0.0
1000,1000,185.47097778320312,993.9563598632812,9.24181842803955,-329.9583740234375,-0.9954447746276855,2.0165445846487273e-07,0.09534142166376114,0.0,2.0144319989867654e-07,1.0,-1.1840784353012168e-08,0.0,-0.09534142166376114,7.419033831723709e-09,-0.9954447746276855,0.0
1000,1000,185.4750213623047,993.9563598632812,9.241847038269043,-329.9583740234375,-0.9954380989074707,2.363956639328535e-07,0.09541178494691849,0.0,2.5335938858006557e-07,1.0,1.6568050398291234e-07,0.0,-0.09541178494691849,1.8909811672074284e-07,-0.9954380989074707,0.0
1000,1000,185.47206115722656,993.9563598632812,9.241872787475586,-329.9583740234375,-0.9954431056976318,-4.409058931287291e-07,0.09536036849021912,0.0,-3.717680954196112e-07,1.0,7.427825607919658e-07,0.0,-0.09536036849021912,7.039456590973714e-07,-0.9954431056976318,0.0
1000,1000,185.47091674804688,993.9563598632812,9.2418851852417,-329.9583740234375,-0.9954450130462646,-5.048758566772449e-07,0.09534066170454025,0.0,-4.484608666643908e-07,1.0,6.131473924142483e-07,0.0,-0.09534066170454025,5.675977376995434e-07,-0.9954450130462646,0.0
1000,1000,185.47085571289062,993.9563598632812,9.241886138916016,-329.9583740234375,-0.9954450130462646,1.2290267648040754e-07,0.09533949196338654,0.0,1.3339557369818067e-07,1.0,1.0368469105515032e-07,0.0,-0.09533949196338654,1.1593025561751347e-07,-0.9954450130462646,0.0
1000,1000,185.47109985351562,993.9563598632812,9.241880416870117,-329.9583740234375,-0.9954445362091064,-6.860699954813754e-07,0.09534361213445663,0.0,-7.12908160949155e-07,1.0,-2.474255040851858e-07,0.0,-0.09534361213445663,-3.1426955615643237e-07,-0.9954445362091064,0.0
1000,1000,185.47128295898438,993.9563598632812,9.241873741149902,-329.9583740234375,-0.9954442977905273,-1.2876654409410548e-07,0.09534668922424316,0.0,-1.5853836998758197e-07,1.0,-3.0467296596725646e-07,0.0,-0.09534668922424316,-3.184010495260736e-07,-0.9954442977905273,0.0
1000,1000,185.4713134765625,993.9563598632812,9.241869926452637,-329.9583740234375,-0.9954442977905273,-2.456056336086476e-07,0.09534741193056107,0.0,-2.7403194735597936e-07,1.0,-2.850403291176917e-07,0.0,-0.09534741193056107,-3.098699323800247e-07,-0.9954442977905273,0.0
1000,1000,185.47128295898438,993.9563598632812,9.24186897277832,-329.9583740234375,-0.9954442977905273,1.6611302555702423e-07,0.09534695744514465,0.0,1.4191768116234016e-07,1.0,-2.6054217983073613e-07,0.0,-0.09534695744514465,-2.4582377022852597e-07,-0.9954442977905273,0.0
1000,1000,185.4713134765625,993.9563598632812,9.241869926452637,-329.9583740234375,-0.9954442977905273,3.732805851086596e-07,0.09534755349159241,0.0,3.5362185712983774e-07,1.0,-2.2307673930299643e-07,0.0,-0.09534755349159241,-1.8834344928109203e-07,-0.9954442977905273,0.0
1000,1000,185.47129821777344,993.9563598632812,9.24187183380127,-329.9583740234375,-0.9954442977905273,4.44181949887934e-07,0.09534717351198196,0.0,4.3058483356617216e-07,1.0,-1.6318060147568758e-07,0.0,-0.09534717351198196,-1.2138212923673564e-07,-0.9954442977905273,0.0
1000,1000,185.4713134765625,993.9563598632812,9.241872787475586,-329.9583740234375,-0.9954442977905273,3.6986975260333566e-07,0.09534753859043121,0.0,3.7561400745289575e-07,1.0,4.229743666428476e-08,0.0,-0.09534753859043121,7.791859246708555e-08,-0.9954442977905273,0.0
1000,1000,185.4713134765625,993.9563598632812,9.241872787475586,-329.9583740234375,-0.9954442977905273,2.7281856773697655e-07,0.09534743428230286,0.0,2.578377689133049e-07,1.0,-1.694379960781589e-07,0.0,-0.09534743428230286,-1.440818806486277e-07,-0.9954442977905273,0.0
1000,1000,185.4713134765625,993.9563598632812,9.241872787475586,-329.9583740234375,-0.9954442977905273,1.7196772716943087e-07,0.09534755349159241,0.0,1.56582515842274e-07,1.0,-1.6884126807781286e-07,0.0,-0.09534755349159241,-1.5314228107854433e-07,-0.9954442977905273,0.0
1000,1000,185.47134399414062,993.9563598632812,9.241872787475586,-329.9583740234375,-0.9954442977905273,8.427696940316309e-08,0.09534773230552673,0.0,7.554628922434858e-08,1.0,-9.51765670720306e-08,0.0,-0.09534773230552673,-8.753978164577347e-08,-0.9954442977905273,0.0
1000,1000,185.47134399414062,993.9563598632812,9.241872787475586,-329.9583740234375,-0.9954442977905273,4.0182378313602385e-08,0.09534791857004166,0.0,3.56900144993233e-08,1.0,-4.882083715074259e-08,0.0,-0.09534791857004166,-4.519544205550119e-08,-0.9954442977905273,0.0
1000,1000,185.47134399414062,993.9563598632812,9.241872787475586,-329.9583740234375,-0.9954442977905273,2.6368331518256127e-08,0.09534809738397598,0.0,2.3386002467873368e-08,1.0,-3.2395782056937605e-08,0.0,-0.09534809738397598,-3.0018377117357886e-08,-0.9954442977905273,0.0
1000,1000,185.4713592529297,993.9563598632812,9.241872787475586,-329.9583740234375,-0.9954442977905273,2.4295891520864643e-08,0.09534826874732971,0.0,2.0979337378435048e-08,1.0,-3.578605500820231e-08,0.0,-0.09534826874732971,-3.362267264606089e-08,-0.9954442977905273,0.0
1000,1000,185.47132873535156,993.9563598632812,9.241872787475586,-329.9583740234375,-0.9954442977905273,2.414834376907038e-08,0.09534761309623718,0.0,2.067346649425872e-08,1.0,-3.743214804785566e-08,0.0,-0.09534761309623718,-3.5290444344582284e-08,-0.9954442977905273,0.0
1000,1000,185.47125244140625,993.9563598632812,9.241872787475586,-329.9583740234375,-0.9954440593719482,1.9764906156183315e-08,0.09534621983766556,0.0,1.6468332475483294e-08,1.0,-3.536165493756016e-08,0.0,-0.09534621983766556,-3.3630360718461816e-08,-0.9954440593719482,0.0
1000,1000,185.47122192382812,993.9563598632812,9.241872787475586,-329.9583740234375,-0.9954445362091064,2.9259112466206716e-08,0.09534557908773422,0.0,2.605196769422946e-08,1.0,-3.488186095523815e-08,0.0,-0.09534557908773422,-3.223900435500582e-08,-0.9954445362091064,0.0
1000,1000,185.47116088867188,993.9563598632812,9.241872787475586,-329.9583740234375,-0.9954445362091064,2.8147042030468583e-08,0.09534472972154617,0.0,2.6502416261564576e-08,1.0,-1.8515567745680528e-08,0.0,-0.09534472972154617,-1.590435161347159e-08,-0.9954445362091064,0.0
1000,1000,185.47113037109375,993.9563598632812,9.241872787475586,-329.9583740234375,-0.9954445362091064,3.8129886803517365e-08,0.09534400701522827,0.0,3.72072257448508e-08,1.0,-1.1454992510095963e-08,0.0,-0.09534400701522827,-7.855322614602755e-09,-0.9954445362091064,0.0
1000,1000,185.47108459472656,993.9563598632812,9.241872787475586,-329.9583740234375,-0.9954445362091064,4.2457305227117104e-08,0.09534347057342529,0.0,4.2418260903787086e-08,1.0,-2.4362858397353193e-09,0.0,-0.09534347057342529,1.6191168406010092e-09,-0.9954445362091064,0.0
1000,1000,185.47116088867188,993.9563598632812,9.241872787475586,-329.9583740234375,-0.9954445362091064,4.078852811062461e-08,0.09534470736980438,0.0,4.165059408478555e-08,1.0,7.051419892434296e-09,0.0,-0.09534470736980438,1.0990459209381243e-08,-0.9954445362091064,0.0
1000,1000,185.47109985351562,993.9563598632812,9.241872787475586,-329.9583740234375,-0.9954445362091064,4.7001162073456726e-08,0.09534387290477753,0.0,4.869294301101945e-08,1.0,1.5417413123941515e-08,0.0,-0.09534387290477753,1.998975207584408e-08,-0.9954445362091064,0.0
1000,1000,185.4710693359375,993.9563598632812,9.241872787475586,-329.9583740234375,-0.9954445362091064,9.077523799305709e-08,0.09534318000078201,0.0,9.322354088681095e-08,1.0,2.1224547452902698e-08,0.0,-0.09534318000078201,3.001608561703506e-08,-0.9954445362091064,0.0
1000,1000,185.47119140625,993.9563598632812,9.241872787475586,-329.9583740234375,-0.9954442977905273,6.946953590158955e-08,0.0953451544046402,0.0,6.919337636190903e-08,1.0,-6.20254869687642e-09,0.0,-0.0953451544046402,4.229618877360508e-10,-0.9954442977905273,0.0
1000,1000,185.47116088867188,993.9563598632812,9.241872787475586,-329.9583740234375,-0.9954442977905273,5.101466271639765e-08,0.09534463286399841,0.0,4.879452930595107e-08,1.0,-2.561684553370469e-08,0.0,-0.09534463286399841,-2.0847846116112123e-08,-0.9954442977905273,0.0
1000,1000,185.47113037109375,993.9563598632812,9.241872787475586,-329.9583740234375,-0.9954447746276855,7.201903429177037e-08,0.09534412622451782,0.0,7.071376728617906e-08,1.0,-1.706882990504255e-08,0.0,-0.09534412622451782,-1.0248928816736225e-08,-0.9954447746276855,0.0
1000,1000,185.47109985351562,993.9563598632812,9.241872787475586,-329.9583740234375,-0.9954442977905273,6.202642310881856e-08,0.09534373879432678,0.0,6.278379061086525e-08,1.0,4.943645048882672e-09,0.0,-0.09534373879432678,1.0907164949003345e-08,-0.9954442977905273,0.0
1000,1000,185.47119140625,993.9563598632812,9.241872787475586,-329.9583740234375,-0.9954445362091064,5.152213944370487e-08,0.09534522145986557,0.0,5.2848260878590736e-08,1.0,1.1383464837422252e-08,0.0,-0.09534522145986557,1.6370432120993428e-08,-0.9954445362091064,0.0
1000,1000,185.47116088867188,993.9563598632812,9.241872787475586,-329.9583740234375,-0.9954445362091064,5.008616454915682e-08,0.09534461051225662,0.0,5.2198970479366835e-08,1.0,1.966558471622193e-08,0.0,-0.09534461051225662,2.4552885946604874e-08,-0.9954445362091064,0.0
1000,1000,185.47113037109375,993.9563598632812,9.241872787475586,-329.9583740234375,-0.9954445362091064,9.21396789976825e-08,0.09534411132335663,0.0,9.491966324048917e-08,1.0,2.4622018202080653e-08,0.0,-0.09534411132335663,3.355987843178809e-08,-0.9954445362091064,0.0
1000,1000,185.47109985351562,993.9563598632812,9.241872787475586,-329.9583740234375,-0.9954445362091064,7.245815680789747e-08,0.09534380584955215,0.0,7.27750872897559e-08,1.0,-1.5319945312342043e-10,0.0,-0.09534380584955215,6.7861520847145584e-09,-0.9954445362091064,0.0
1000,1000,185.47109985351562,993.9563598632812,9.241872787475586,-329.9583740234375,-0.9954445362091064,5.94207918425127e-08,0.0953436940908432,0.0,5.880876585706574e-08,1.0,-9.229049524606125e-09,0.0,-0.0953436940908432,-3.5799605502262466e-09,-0.9954445362091064,0.0
1000,1000,185.47109985351562,993.9563598632812,9.241872787475586,-329.9583740234375,-0.9954445362091064,4.9983878369630474e-08,0.0953436940908432,0.0,4.9540641811063324e-08,1.0,-7.015918068731253e-09,0.0,-0.0953436940908432,-2.2605690652710564e-09,-0.9954445362091064,0.0
1000,1000,185.47109985351562,993.9563598632812,9.241872787475586,-329.9583740234375,-0.9954445362091064,4.254010477211523e-08,0.09534373134374619,0.0,4.2470357897173017e-08,1.0,-2.7607711672317237e-09,0.0,-0.09534373134374619,1.301088126126615e-09,-0.9954445362091064,0.0
1000,1000,185.47109985351562,993.9563598632812,9.241872787475586,-329.9583740234375,-0.9954445362091064,3.704963091877289e-08,0.09534377604722977,0.0,3.7328327096020075e-08,1.0,1.1394946097809111e-09,0.0,-0.09534377604722977,4.693327060323327e-09,-0.9954445362091064,0.0
1000,1000,185.47109985351562,993.9563598632812,9.241872787475586,-329.9583740234375,-0.9954445362091064,3.287079408664795e-08,0.09534382820129395,0.0,3.341425980352142e-08,1.0,4.103484663176005e-09,0.0,-0.09534382820129395,7.270633872735743e-09,-0.9954445362091064,0.0
1000,1000,185.47109985351562,993.9563598632812,9.241872787475586,-329.9583740234375,-0.9954445362091064,2.805029275521065e-08,0.09534388035535812,0.0,2.879990113058284e-08,1.0,6.486079229262032e-09,0.0,-0.09534388035535812,9.202425488297195e-09,-0.9954445362091064,0.0
1000,1000,185.4711151123047,993.9563598632812,9.241872787475586,-329.9583740234375,-0.9954445362091064,2.7505453914500322e-08,0.0953439325094223,0.0,2.83543748480497e-08,1.0,7.548990765826602e-09,0.0,-0.0953439325094223,1.0218018431373821e-08,-0.9954445362091064,0.0
1000,1000,185.4711151123047,993.9563598632812,9.241872787475586,-329.9583740234375,-0.9954445362091064,3.671557635698264e-08,0.09534398466348648,0.0,3.7107874106823147e-08,1.0,2.341531413208031e-09,0.0,-0.09534398466348648,5.868876939985057e-09,-0.9954445362091064,0.0
1000,1000,185.47113037109375,993.9563598632812,9.241872787475586,-329.9583740234375,-0.9954445362091064,5.2154661034364835e-08,0.09534403681755066,0.0,5.195845176331204e-08,1.0,-4.540492870575008e-09,0.0,-0.09534403681755066,4.341202952673484e-10,-0.9954445362091064,0.0
1000,1000,185.47113037109375,993.9563598632812,9.241872787475586,-329.9583740234375,-0.9954445362091064,5.632269051147887e-08,0.09534408897161484,0.0,5.609107489590315e-08,1.0,-5.109357825716643e-09,0.0,-0.09534408897161484,2.618705252643849e-10,-0.9954445362091064,0.0
1000,1000,185.47113037109375,993.9563598632812,9.241872787475586,-329.9583740234375,-0.9954445362091064,6.204665936593301e-08,0.09534414112567902,0.0,6.201222646495808e-08,1.0,-3.324116315539527e-09,0.0,-0.09534414112567902,2.603529170031038e-09,-0.9954445362091064,0.0
1000,1000,185.47113037109375,993.9563598632812,9.241872787475586,-329.9583740234375,-0.9954445362091064,6.023002185884252e-08,0.0953441932797432,0.0,6.060834323307063e-08,1.0,1.0719680698656475e-09,0.0,-0.0953441932797432,6.845737310356981e-09,-0.9954445362091064,0.0
1000,1000,185.47113037109375,993.9563598632812,9.241872787475586,-329.9583740234375,-0.9954445362091064,5.878245801227422e-08,0.09534425288438797,0.0,5.951678971882757e-08,1.0,4.8581303424555244e-09,0.0,-0.09534425288438797,1.0510582626466203e-08,-0.9954445362091064,0.0
1000,1000,185.47113037109375,993.9563598632812,9.241872787475586,-329.9583740234375,-0.9954445362091064,6.023076082328771e-08,0.09534431248903275,0.0,6.126911955561809e-08,1.0,7.963055104198702e-09,0.0,-0.09534431248903275,1.3768439721673076e-08,-0.9954445362091064,0.0
1000,1000,185.47113037109375,993.9563598632812,9.241872787475586,-329.9583740234375,-0.9954445362091064,6.36722177205229e-08,0.09534436464309692,0.0,6.521929662994808e-08,1.0,1.3109995755655746e-08,0.0,-0.09534436464309692,1.9268563633545455e-08,-0.9954445362091064,0.0
1000,1000,185.4711456298828,993.9563598632812,9.241872787475586,-329.9583740234375,-0.9954445362091064,5.983413586818642e-08,0.0953444167971611,0.0,6.179017475460569e-08,1.0,1.7563131393671938e-08,0.0,-0.0953444167971611,2.3374468582915142e-08,-0.9954445362091064,0.0
1000,1000,185.4711456298828,993.9563598632812,9.241872787475586,-329.9583740234375,-0.9954445362091064,5.7455537216810626e-08,0.09534447640180588,0.0,6.022521858994878e-08,1.0,2.6171612432790425e-08,0.0,-0.09534447640180588,3.179452434665109e-08,-0.9954445362091064,0.0
